8.2000E-02
9.9000E-02
1.5000E-01
2.1200E-01
2.6700E-01
3.0300E-01
3.2500E-01
3.2300E-01
2.9900E-01
2.5024E-01
1.7589E-01
1.5500E-01
2.4200E-01
3.3300E-01
3.6200E-01
3.3900E-01
3.1100E-01
3.2500E-01
3.9200E-01
4.7900E-01
5.6300E-01
6.0600E-01
6.1800E-01
5.9800E-01
5.6700E-01
5.2900E-01
5.3800E-01
5.4900E-01
5.3300E-01
5.2000E-01
5.2700E-01
5.5900E-01
5.7300E-01
5.2100E-01
4.7800E-01
5.2900E-01
5.2800E-01
4.6800E-01
4.7200E-01
5.0100E-01
4.5794E-01
4.3300E-01
4.6300E-01
4.7756E-01
4.4900E-01
5.0800E-01
6.1200E-01
6.4600E-01
6.2100E-01
6.2600E-01
6.4200E-01
6.1100E-01
5.6500E-01
5.7500E-01
6.0500E-01
6.3100E-01
6.4500E-01
6.4050E-01
5.8000E-01
5.0000E-01
5.3300E-01
6.5200E-01
7.6200E-01
7.4400E-01
7.0615E-01
6.7600E-01
6.9400E-01
7.2400E-01
7.1700E-01
6.7600E-01
6.8450E-01
6.3200E-01
5.8700E-01
6.4900E-01
7.3900E-01
8.0189E-01
7.2361E-01
6.8000E-01
7.0580E-01
7.3318E-01
7.7500E-01
8.2600E-01
7.6546E-01
7.1900E-01
7.3513E-01
7.1152E-01
6.4900E-01
6.8138E-01
7.4050E-01
7.8800E-01
8.2918E-01
9.1377E-01
9.9835E-01
1.0166E+00
1.0047E+00
9.8679E-01
9.5681E-01
9.3400E-01
1.0046E+00
1.0958E+00
1.1098E+00
1.0429E+00
9.9100E-01
9.9396E-01
9.9277E-01
9.8003E-01
9.6394E-01
9.3700E-01
9.5557E-01
9.8862E-01
1.0097E+00
9.7453E-01
8.8979E-01
8.2900E-01
8.1800E-01
8.7732E-01
9.2529E-01
9.5783E-01
9.6863E-01
9.8900E-01
1.0544E+00
1.0463E+00
9.7100E-01
9.5900E-01
9.9570E-01
1.0277E+00
1.0417E+00
9.8301E-01
8.5416E-01
8.1300E-01
9.1583E-01
9.7021E-01
9.4269E-01
9.5594E-01
9.6954E-01
9.3318E-01
9.2472E-01
9.3721E-01
8.9900E-01
9.1969E-01
1.0122E+00
1.0849E+00
1.0534E+00
1.0129E+00
9.8383E-01
9.2600E-01
9.8012E-01
1.0752E+00
1.1346E+00
1.1440E+00
1.1406E+00
1.0964E+00
1.0250E+00
9.5914E-01
8.4200E-01
8.5015E-01
7.8916E-01
7.3100E-01
8.5805E-01
1.0321E+00
1.0890E+00
1.0265E+00
9.4150E-01
9.1800E-01
9.5800E-01
1.0450E+00
1.0710E+00
1.0380E+00
1.0716E+00
1.0590E+00
1.0970E+00
1.2041E+00
1.2860E+00
1.2843E+00
1.2577E+00
1.2317E+00
1.1570E+00
1.1459E+00
1.1944E+00
1.2795E+00
1.2934E+00
1.1660E+00
1.1811E+00
1.2249E+00
1.1444E+00
1.0876E+00
1.0445E+00
9.3900E-01
9.3442E-01
9.2500E-01
9.8500E-01
1.0874E+00
1.1240E+00
1.1040E+00
1.1813E+00
1.3149E+00
1.4144E+00
1.3765E+00
1.2260E+00
1.0980E+00
1.1520E+00
1.2310E+00
1.2490E+00
1.1224E+00
9.5426E-01
8.2313E-01
7.3603E-01
7.1095E-01
8.2100E-01
9.8620E-01
1.0802E+00
1.0296E+00
9.9113E-01
1.0279E+00
1.0354E+00
1.0186E+00
1.0067E+00
9.9743E-01
1.0810E+00
1.1958E+00
1.2519E+00
1.2601E+00
1.3322E+00
1.3490E+00
1.2400E+00
1.0312E+00
7.4500E-01
5.9120E-01
7.6675E-01
1.0557E+00
1.2450E+00
1.3245E+00
1.1626E+00
8.4330E-01
6.5200E-01
9.6142E-01
1.3010E+00
1.5342E+00
1.6245E+00
1.6717E+00
1.6885E+00
1.7520E+00
1.8140E+00
1.7400E+00
1.7630E+00
1.7150E+00
1.6660E+00
1.6300E+00
1.6990E+00
1.8090E+00
1.5370E+00
1.7150E+00
1.8160E+00
1.7392E+00
1.7144E+00
1.7688E+00
1.8150E+00
1.7660E+00
1.6850E+00
1.7490E+00
1.5990E+00
1.8110E+00
1.7820E+00
1.7210E+00
1.7080E+00
1.7550E+00
1.6990E+00
1.6380E+00
1.6510E+00
1.5230E+00
1.2120E+00
1.0990E+00
1.8220E+00
1.6913E+00
1.5600E+00
1.7090E+00
1.8680E+00
1.9000E+00
1.6630E+00
1.6010E+00
1.8300E+00
1.7990E+00
1.9220E+00
1.9490E+00
1.8941E+00
1.9650E+00
1.7557E+00
1.9900E+00
2.0140E+00
2.0010E+00
2.0690E+00
2.1420E+00
2.0470E+00
1.8864E+00
2.0180E+00
2.0010E+00
2.0630E+00
2.0770E+00
2.0320E+00
2.0120E+00
1.9973E+00
2.0639E+00
2.0780E+00
2.0840E+00
2.0150E+00
1.9840E+00
2.0210E+00
1.9310E+00
2.0120E+00
2.0180E+00
1.9390E+00
1.9690E+00
2.0700E+00
1.9882E+00
2.0120E+00
2.0800E+00
2.0120E+00
2.0250E+00
2.0860E+00
2.0400E+00
2.0680E+00
2.0610E+00
2.0623E+00
2.0310E+00
1.9890E+00
1.9790E+00
1.6010E+00
1.7890E+00
1.9350E+00
1.8224E+00
2.0320E+00
1.9490E+00
1.8560E+00
1.9830E+00
1.9339E+00
2.0510E+00
1.9490E+00
1.9800E+00
1.9240E+00
1.9230E+00
1.9160E+00
1.8580E+00
1.8600E+00
1.9490E+00
1.8330E+00
1.9472E+00
2.0250E+00
1.9354E+00
1.8800E+00
1.9650E+00
1.9100E+00
1.9410E+00
1.9890E+00
1.8660E+00
1.8240E+00
1.8750E+00
1.8910E+00
1.5390E+00
1.7590E+00
1.7040E+00
1.8600E+00
1.8730E+00
1.9150E+00
1.8040E+00
1.9410E+00
1.9280E+00
1.8740E+00
1.6410E+00
1.8800E+00
1.9690E+00
1.8920E+00
1.9950E+00
1.9580E+00
1.7470E+00
1.8690E+00
1.8950E+00
1.9740E+00
1.8240E+00
1.9130E+00
1.8640E+00
1.8000E+00
1.7340E+00
1.8880E+00
1.8510E+00
1.9190E+00
1.8740E+00
1.8609E+00
1.8820E+00
1.8260E+00
1.8800E+00
1.8630E+00
1.8590E+00
1.8960E+00
1.8420E+00
1.8780E+00
1.8890E+00
1.8570E+00
1.8120E+00
1.8530E+00
1.7550E+00
1.7860E+00
1.8900E+00
1.8010E+00
1.8710E+00
1.8360E+00
1.8490E+00
1.7500E+00
1.8680E+00
1.8590E+00
1.8310E+00
1.8280E+00
1.7620E+00
1.8720E+00
1.8810E+00
1.8730E+00
1.8340E+00
1.8180E+00
1.8620E+00
1.7990E+00
1.8160E+00
1.8340E+00
1.8330E+00
1.8520E+00
1.8630E+00
1.8540E+00
1.8360E+00
1.7920E+00
1.8380E+00
1.8210E+00
1.6240E+00
1.7218E+00
1.8090E+00
1.7880E+00
1.7920E+00
1.7890E+00
1.7780E+00
1.7960E+00
1.8060E+00
1.7720E+00
1.7640E+00
1.7700E+00
1.7420E+00
1.7150E+00
1.7490E+00
1.7790E+00
1.7730E+00
1.7580E+00
1.7620E+00
1.7510E+00
1.7340E+00
1.7240E+00
1.7120E+00
1.7360E+00
1.7100E+00
1.6550E+00
1.7120E+00
1.6640E+00
1.6410E+00
1.7020E+00
1.7090E+00
1.7110E+00
1.7240E+00
1.6784E+00
1.6820E+00
1.6670E+00
1.6440E+00
1.6400E+00
1.6930E+00
1.6930E+00
1.6870E+00
1.6650E+00
1.6590E+00
1.5901E+00
1.6740E+00
1.6370E+00
1.6520E+00
1.6093E+00
1.6610E+00
1.6650E+00
1.6530E+00
1.6130E+00
1.6100E+00
1.6090E+00
1.6250E+00
1.6140E+00
1.6270E+00
1.5910E+00
1.6060E+00
1.6020E+00
1.5510E+00
1.5260E+00
1.6130E+00
1.5910E+00
1.5980E+00
1.5750E+00
1.5230E+00
1.3233E+00
1.3840E+00
1.5390E+00
1.5420E+00
1.5580E+00
1.5660E+00
1.5710E+00
1.5630E+00
1.5540E+00
1.5670E+00
1.5550E+00
1.5354E+00
1.5348E+00
1.5580E+00
1.5340E+00
1.5290E+00
1.5060E+00
1.5170E+00
1.5130E+00
1.4990E+00
1.5150E+00
1.5000E+00
1.5070E+00
1.4930E+00
1.4940E+00
1.4870E+00
1.4930E+00
1.4760E+00
1.4660E+00
1.4650E+00
1.4330E+00
1.4720E+00
1.4760E+00
1.4780E+00
1.4790E+00
1.4680E+00
1.4540E+00
1.4580E+00
1.4570E+00
1.4350E+00
1.4420E+00
1.4380E+00
1.4170E+00
1.4340E+00
1.4220E+00
1.4131E+00
1.3987E+00
1.4095E+00
1.4187E+00
1.4330E+00
1.4138E+00
1.4040E+00
1.3990E+00
1.3900E+00
1.4040E+00
1.3970E+00
1.3818E+00
1.3702E+00
1.3819E+00
1.3502E+00
1.3694E+00
1.3650E+00
1.3570E+00
1.3010E+00
1.3487E+00
1.3480E+00
1.3600E+00
1.3510E+00
1.3607E+00
1.3465E+00
1.3429E+00
1.3444E+00
1.3370E+00
1.2796E+00
1.3357E+00
1.3104E+00
1.3333E+00
1.3108E+00
1.3390E+00
1.3271E+00
1.3100E+00
1.3120E+00
1.3000E+00
1.2646E+00
1.2830E+00
1.2707E+00
1.2649E+00
1.2892E+00
1.2955E+00
1.2920E+00
1.2892E+00
1.2890E+00
1.2808E+00
1.2760E+00
1.2740E+00
1.2680E+00
1.2720E+00
1.2650E+00
1.2809E+00
1.2771E+00
1.2610E+00
1.2598E+00
1.2680E+00
1.2500E+00
1.2590E+00
1.2487E+00
1.2460E+00
1.2543E+00
1.2566E+00
1.2452E+00
1.2000E+00
1.2120E+00
1.2310E+00
1.2142E+00
1.2146E+00
1.2073E+00
1.2120E+00
1.2100E+00
1.2090E+00
1.2080E+00
1.2102E+00
1.2028E+00
1.2014E+00
1.2067E+00
1.1930E+00
1.1898E+00
1.1950E+00
1.1896E+00
1.1810E+00
1.1874E+00
1.1890E+00
1.1877E+00
1.1800E+00
1.1812E+00
1.1704E+00
1.1632E+00
1.1500E+00
1.1449E+00
1.1260E+00
1.1280E+00
1.1427E+00
1.1580E+00
1.1501E+00
1.1350E+00
1.1248E+00
1.1427E+00
1.1422E+00
1.1241E+00
1.1342E+00
1.1001E+00
1.1309E+00
1.1230E+00
1.1162E+00
1.0980E+00
1.1100E+00
1.1143E+00
1.1160E+00
1.1180E+00
1.1174E+00
1.1091E+00
1.1050E+00
1.1083E+00
1.0861E+00
1.0738E+00
1.0740E+00
1.0760E+00
1.0560E+00
1.0760E+00
1.0715E+00
1.0699E+00
1.0759E+00
1.0762E+00
1.0749E+00
1.0620E+00
1.0563E+00
1.0560E+00
1.0550E+00
1.0327E+00
1.0459E+00
1.0476E+00
1.0597E+00
1.0511E+00
1.0549E+00
1.0400E+00
1.0500E+00
1.0520E+00
1.0287E+00
1.0271E+00
1.0140E+00
1.0360E+00
1.0370E+00
1.0060E+00
1.0110E+00
1.0050E+00
9.1000E-01
9.9800E-01
9.9000E-01
9.8100E-01
8.6900E-01
9.2700E-01
9.9017E-01
1.0056E+00
1.0070E+00
1.0050E+00
1.0000E+00
9.9900E-01
1.0060E+00
1.0120E+00
9.9006E-01
9.7354E-01
8.5800E-01
9.2500E-01
9.6900E-01
9.5900E-01
9.7700E-01
9.6317E-01
9.7600E-01
9.6614E-01
9.4913E-01
9.3562E-01
9.6200E-01
9.6500E-01
9.6200E-01
9.4571E-01
9.4856E-01
9.1963E-01
9.4408E-01
9.3930E-01
9.4352E-01
9.5469E-01
9.2558E-01
9.2300E-01
9.4066E-01
9.4367E-01
9.4236E-01
9.3928E-01
9.3259E-01
9.1800E-01
9.2400E-01
9.2600E-01
9.3425E-01
9.2686E-01
9.2378E-01
9.1396E-01
9.1378E-01
8.9834E-01
8.7720E-01
9.2233E-01
9.2100E-01
9.1800E-01
9.0780E-01
9.1450E-01
9.0143E-01
8.8552E-01
8.9496E-01
8.9730E-01
8.9016E-01
9.0020E-01
8.9820E-01
8.8830E-01
8.9470E-01
8.8860E-01
8.8810E-01
8.9210E-01
8.8540E-01
8.7030E-01
8.6280E-01
8.3335E-01
8.6957E-01
8.7642E-01
8.4561E-01
8.7809E-01
8.7110E-01
8.6954E-01
8.6866E-01
8.7078E-01
8.6514E-01
8.6958E-01
8.6709E-01
8.5601E-01
8.5222E-01
8.5368E-01
8.5936E-01
8.5676E-01
8.4000E-01
8.3153E-01
8.0616E-01
8.3814E-01
8.1854E-01
8.2441E-01
8.3138E-01
8.2809E-01
8.3137E-01
8.3303E-01
8.2867E-01
8.2019E-01
8.2402E-01
8.2050E-01
8.1200E-01
7.6900E-01
8.0200E-01
8.0583E-01
8.1147E-01
8.1483E-01
8.0627E-01
7.9982E-01
8.0173E-01
7.9761E-01
7.8808E-01
7.9579E-01
7.8598E-01
7.9503E-01
7.8526E-01
7.8789E-01
7.9140E-01
7.8186E-01
7.8785E-01
7.8149E-01
7.6882E-01
7.7348E-01
7.8054E-01
7.7208E-01
7.7800E-01
7.6650E-01
7.7512E-01
7.7300E-01
7.7879E-01
7.7541E-01
7.6881E-01
7.7081E-01
7.6620E-01
7.6606E-01
7.6368E-01
7.5500E-01
7.5694E-01
7.6161E-01
7.5714E-01
7.5639E-01
7.5851E-01
7.5392E-01
7.5347E-01
7.4300E-01
7.4300E-01
7.4200E-01
7.4255E-01
7.4741E-01
7.4677E-01
7.3836E-01
7.3133E-01
6.8365E-01
7.1770E-01
7.3093E-01
7.3339E-01
7.2934E-01
7.3055E-01
7.2562E-01
7.2496E-01
7.1960E-01
7.2265E-01
7.1062E-01
7.1419E-01
7.0659E-01
7.1566E-01
6.9606E-01
7.0127E-01
7.0300E-01
6.9300E-01
6.9900E-01
7.0057E-01
6.9918E-01
6.9943E-01
6.9594E-01
6.9722E-01
6.9000E-01
6.9208E-01
6.8985E-01
6.8960E-01
6.7800E-01
6.8181E-01
6.8400E-01
6.8431E-01
6.7731E-01
6.7400E-01
6.7900E-01
6.7440E-01
6.7490E-01
6.7516E-01
6.6860E-01
6.7199E-01
6.6846E-01
6.5131E-01
6.6155E-01
6.6781E-01
6.6491E-01
6.6117E-01
6.6182E-01
6.5848E-01
6.5698E-01
6.5474E-01
6.5753E-01
6.5629E-01
6.5540E-01
6.4937E-01
6.3046E-01
6.4831E-01
6.3387E-01
6.4651E-01
6.3669E-01
6.4621E-01
6.4533E-01
6.3139E-01
6.3517E-01
6.3591E-01
6.0084E-01
6.2165E-01
6.2821E-01
6.3131E-01
6.1796E-01
6.3063E-01
6.1768E-01
6.2468E-01
6.2426E-01
6.2531E-01
6.1203E-01
6.2250E-01
6.0726E-01
6.0249E-01
6.0900E-01
6.1392E-01
6.1181E-01
6.1570E-01
5.9145E-01
6.0728E-01
6.0908E-01
6.0442E-01
6.0799E-01
5.9692E-01
5.9221E-01
5.6065E-01
5.8252E-01
5.8600E-01
5.9100E-01
5.8700E-01
5.8216E-01
6.0000E-01
5.9900E-01
5.8202E-01
5.9500E-01
5.9300E-01
5.9100E-01
5.9000E-01
5.8600E-01
5.8650E-01
5.8550E-01
5.8700E-01
5.8250E-01
5.8342E-01
5.7800E-01
5.8400E-01
5.8200E-01
5.7500E-01
5.8300E-01
5.7222E-01
5.7151E-01
5.6850E-01
5.7200E-01
5.7500E-01
5.7400E-01
5.7250E-01
5.7012E-01
5.5300E-01
5.6179E-01
5.6829E-01
5.6837E-01
5.6401E-01
5.6800E-01
5.7000E-01
5.6186E-01
5.6346E-01
5.6250E-01
5.6481E-01
5.5197E-01
5.4400E-01
5.5300E-01
5.5573E-01
5.4303E-01
5.5531E-01
5.4960E-01
5.4501E-01
5.5001E-01
5.5407E-01
5.5408E-01
5.5032E-01
5.4788E-01
5.4623E-01
5.4531E-01
5.4170E-01
5.4308E-01
5.4651E-01
5.4731E-01
5.4022E-01
5.4370E-01
5.4334E-01
5.3548E-01
5.2928E-01
5.1899E-01
5.3336E-01
5.3708E-01
5.2684E-01
5.3482E-01
5.2227E-01
5.2984E-01
5.3415E-01
5.1640E-01
5.2875E-01
5.3074E-01
5.3063E-01
5.2686E-01
5.2760E-01
5.1852E-01
5.1036E-01
5.2296E-01
5.1703E-01
5.1504E-01
5.2199E-01
5.1843E-01
5.1743E-01
4.8821E-01
5.1098E-01
5.1605E-01
5.1519E-01
5.1455E-01
5.1012E-01
4.8402E-01
5.0583E-01
5.1354E-01
5.1175E-01
5.1064E-01
5.1127E-01
5.0592E-01
5.0561E-01
5.0286E-01
4.9217E-01
4.7434E-01
5.0005E-01
5.0579E-01
5.0705E-01
4.8836E-01
4.8696E-01
5.0195E-01
4.9869E-01
5.0143E-01
4.8962E-01
4.6636E-01
4.9225E-01
4.7909E-01
4.9064E-01
4.9190E-01
4.8932E-01
4.9044E-01
4.8878E-01
4.8764E-01
4.8599E-01
4.8234E-01
4.8433E-01
4.8343E-01
4.8133E-01
4.7600E-01
4.8224E-01
4.7925E-01
4.8026E-01
4.6841E-01
4.7443E-01
4.7725E-01
4.7502E-01
4.7425E-01
4.6896E-01
4.7118E-01
4.6946E-01
4.6644E-01
4.6863E-01
4.6790E-01
4.6748E-01
4.6235E-01
4.5968E-01
4.6439E-01
4.6169E-01
4.5655E-01
4.5535E-01
4.5600E-01
4.5875E-01
4.5775E-01
4.6076E-01
4.6013E-01
4.5860E-01
4.5638E-01
4.5195E-01
4.5371E-01
4.5358E-01
4.5304E-01
4.5192E-01
4.4880E-01
4.5116E-01
4.4797E-01
4.5018E-01
4.4925E-01
4.4252E-01
4.4825E-01
4.4198E-01
4.4267E-01
4.4615E-01
4.3912E-01
4.3594E-01
4.4042E-01
4.4212E-01
4.4290E-01
4.4130E-01
4.4084E-01
4.3807E-01
4.4072E-01
4.4192E-01
4.4188E-01
4.4074E-01
4.3795E-01
4.3543E-01
4.2267E-01
3.7589E-01
4.1159E-01
4.2667E-01
4.2909E-01
4.2878E-01
4.3036E-01
4.2684E-01
4.2755E-01
4.1851E-01
4.2159E-01
4.2278E-01
4.2261E-01
4.1615E-01
4.1944E-01
4.1979E-01
4.1718E-01
4.1263E-01
4.1701E-01
4.1537E-01
4.1404E-01
4.0955E-01
4.0768E-01
4.0632E-01
4.1028E-01
4.1039E-01
4.0958E-01
4.0873E-01
4.0907E-01
4.0714E-01
4.0611E-01
4.0315E-01
3.9084E-01
4.0271E-01
3.9162E-01
3.9421E-01
4.0116E-01
3.9547E-01
4.0093E-01
3.9875E-01
3.9545E-01
3.9538E-01
3.9502E-01
3.9516E-01
3.9369E-01
3.9229E-01
3.8877E-01
3.9062E-01
3.7950E-01
3.8548E-01
3.8765E-01
3.7850E-01
3.8699E-01
3.8684E-01
3.8563E-01
3.8231E-01
3.8285E-01
3.8094E-01
3.7570E-01
3.7439E-01
3.8168E-01
3.8020E-01
3.7977E-01
3.7986E-01
3.7953E-01
3.7554E-01
3.7760E-01
3.7664E-01
3.7550E-01
3.7081E-01
3.7167E-01
3.7533E-01
3.7401E-01
3.7294E-01
3.6827E-01
3.6876E-01
3.6439E-01
3.6997E-01
3.6903E-01
3.6464E-01
3.7027E-01
3.6936E-01
3.6185E-01
3.6683E-01
3.6629E-01
3.6592E-01
3.6242E-01
3.6557E-01
3.5886E-01
3.5912E-01
3.5949E-01
3.6313E-01
3.6294E-01
3.6291E-01
3.5749E-01
3.5350E-01
3.5790E-01
3.5652E-01
3.6035E-01
3.5682E-01
3.5784E-01
3.5274E-01
3.5376E-01
3.5594E-01
3.5242E-01
3.5493E-01
3.5136E-01
3.5277E-01
3.5406E-01
3.4736E-01
3.5242E-01
3.5179E-01
3.5008E-01
3.4760E-01
3.4754E-01
3.4943E-01
3.4932E-01
3.4952E-01
3.4886E-01
3.3896E-01
3.3929E-01
3.4411E-01
3.4014E-01
3.4106E-01
3.4012E-01
3.4164E-01
3.4085E-01
3.4007E-01
3.4118E-01
3.4046E-01
3.3767E-01
3.2920E-01
3.3290E-01
3.3704E-01
3.3707E-01
3.3503E-01
3.3748E-01
3.3773E-01
3.3391E-01
3.3270E-01
3.3594E-01
3.2875E-01
3.2884E-01
3.2772E-01
3.3256E-01
3.2306E-01
3.2745E-01
3.3036E-01
3.2347E-01
3.2277E-01
3.2421E-01
3.3114E-01
3.3067E-01
3.2509E-01
3.2731E-01
3.2662E-01
3.2786E-01
3.2601E-01
3.2856E-01
3.1269E-01
3.1695E-01
3.1584E-01
3.1780E-01
3.1911E-01
3.1929E-01
3.2135E-01
3.1760E-01
3.2096E-01
3.2026E-01
3.1774E-01
3.1367E-01
3.1355E-01
3.1539E-01
3.1282E-01
3.1210E-01
3.0956E-01
3.1241E-01
3.1612E-01
3.1746E-01
3.1367E-01
3.1308E-01
3.1018E-01
3.0823E-01
3.0820E-01
3.1158E-01
3.0696E-01
3.1322E-01
3.0750E-01
3.1201E-01
3.1010E-01
3.0414E-01
3.0581E-01
3.0552E-01
2.9705E-01
3.0349E-01
3.0369E-01
3.0250E-01
3.0228E-01
3.0461E-01
3.0626E-01
3.0179E-01
3.0462E-01
2.9813E-01
3.0172E-01
3.0607E-01
3.0168E-01
2.9989E-01
2.6525E-01
2.9910E-01
3.0093E-01
3.0175E-01
2.9773E-01
3.0200E-01
3.0190E-01
3.0074E-01
2.9140E-01
2.9684E-01
2.9946E-01
2.9528E-01
3.0077E-01
2.9990E-01
2.9743E-01
2.6920E-01
2.8319E-01
2.7149E-01
2.8367E-01
2.9376E-01
2.9028E-01
2.8805E-01
2.9394E-01
2.9446E-01
2.8845E-01
2.8729E-01
2.8500E-01
2.8807E-01
2.8720E-01
2.8526E-01
2.8970E-01
2.8495E-01
2.8786E-01
2.8083E-01
2.8031E-01
2.8448E-01
2.8460E-01
2.7846E-01
2.8596E-01
2.8297E-01
2.8490E-01
2.8290E-01
2.6731E-01
2.8272E-01
2.8263E-01
2.8041E-01
2.7543E-01
2.7754E-01
2.8058E-01
2.8096E-01
2.7338E-01
2.7808E-01
2.6857E-01
2.7297E-01
2.7536E-01
2.7499E-01
2.7716E-01
2.7768E-01
2.7722E-01
2.7354E-01
2.6698E-01
2.7267E-01
2.6961E-01
2.7075E-01
2.7400E-01
2.7090E-01
2.6495E-01
2.6712E-01
2.6292E-01
2.7013E-01
2.6805E-01
2.6780E-01
2.6546E-01
2.6968E-01
2.6833E-01
2.6688E-01
2.6307E-01
2.6682E-01
2.6262E-01
2.6352E-01
2.6042E-01
2.6275E-01
2.6068E-01
2.6668E-01
2.6694E-01
2.6344E-01
2.6221E-01
2.4738E-01
2.6031E-01
2.3690E-01
2.5723E-01
2.6167E-01
2.6381E-01
2.6483E-01
2.5412E-01
2.5771E-01
2.5449E-01
2.6198E-01
2.5817E-01
2.5492E-01
2.5048E-01
2.3152E-01
2.4154E-01
2.4132E-01
2.5286E-01
2.5751E-01
2.5643E-01
2.5765E-01
2.4452E-01
2.4854E-01
2.5629E-01
2.4977E-01
2.5259E-01
2.4494E-01
2.4857E-01
2.4901E-01
2.5002E-01
2.4703E-01
2.4748E-01
2.4544E-01
2.4999E-01
2.4858E-01
2.3312E-01
2.4078E-01
2.4125E-01
2.4581E-01
2.4350E-01
2.4434E-01
2.3248E-01
2.3644E-01
2.4415E-01
2.4224E-01
2.3407E-01
2.3386E-01
2.3702E-01
2.4166E-01
2.4240E-01
2.3746E-01
2.3958E-01
2.4037E-01
2.4149E-01
2.4111E-01
2.3655E-01
2.3932E-01
2.3884E-01
2.3585E-01
2.3276E-01
2.3735E-01
2.3676E-01
2.2747E-01
2.2708E-01
2.2205E-01
2.2571E-01
2.2393E-01
2.2402E-01
2.2879E-01
2.2572E-01
2.2512E-01
2.2899E-01
2.2910E-01
2.2898E-01
2.2354E-01
2.2840E-01
2.2369E-01
2.2802E-01
2.2533E-01
2.2654E-01
2.2390E-01
2.2607E-01
2.2564E-01
2.2532E-01
2.2221E-01
2.2412E-01
2.2543E-01
2.2421E-01
2.2265E-01
2.2252E-01
2.2137E-01
2.1853E-01
2.2016E-01
2.1617E-01
2.1809E-01
2.2208E-01
2.2096E-01
2.1210E-01
2.1606E-01
2.1907E-01
2.1621E-01
2.1319E-01
2.1548E-01
2.1585E-01
2.1295E-01
2.0641E-01
1.9848E-01
2.0341E-01
2.0893E-01
2.1198E-01
2.1306E-01
2.1026E-01
2.1123E-01
2.1081E-01
2.0805E-01
2.0845E-01
2.1203E-01
2.1211E-01
2.1122E-01
2.1068E-01
2.1055E-01
2.0962E-01
2.0850E-01
2.0879E-01
2.0804E-01
2.0539E-01
2.0520E-01
2.0428E-01
1.9894E-01
2.0189E-01
1.9799E-01
1.9688E-01
1.9309E-01
1.8200E-01
1.9001E-01
1.8624E-01
1.8518E-01
1.8509E-01
1.8243E-01
1.8143E-01
1.7969E-01
1.7600E-01
1.7553E-01
1.7411E-01
1.7371E-01
1.7102E-01
1.6800E-01
1.6884E-01
1.6859E-01
1.5500E-01
1.6000E-01
1.6257E-01
1.5921E-01
1.5760E-01
1.5552E-01
1.5288E-01
1.5337E-01
1.5126E-01
1.4933E-01
1.4710E-01
1.4565E-01
1.3231E-01
1.4667E-01
1.4573E-01
1.4041E-01
1.3842E-01
1.4041E-01
1.3904E-01
1.3654E-01
1.3611E-01
1.3463E-01
1.3447E-01
1.3145E-01
1.3243E-01
1.2950E-01
1.1950E-01
1.2627E-01
1.2833E-01
1.2610E-01
1.2291E-01
1.2375E-01
1.2150E-01
1.1968E-01
1.1902E-01
1.1977E-01
1.1684E-01
1.1673E-01
1.1501E-01
1.1512E-01
1.1399E-01
1.1192E-01
1.1176E-01
1.0969E-01
1.0915E-01
1.0720E-01
1.0756E-01
1.0592E-01
1.0471E-01
1.0320E-01
1.0182E-01
1.0095E-01
1.0095E-01
9.9330E-02
9.8300E-02
9.7540E-02
9.5990E-02
9.6240E-02
9.5750E-02
9.4630E-02
9.3850E-02
9.3140E-02
9.2180E-02
9.2380E-02
9.1120E-02
9.1050E-02
8.9940E-02
8.9710E-02
8.8880E-02
8.7890E-02
8.2000E-02
8.5370E-02
8.5760E-02
8.4640E-02
8.4680E-02
8.3140E-02
8.3470E-02
8.2790E-02
8.0900E-02
8.0810E-02
8.0410E-02
7.9990E-02
7.8840E-02
7.8400E-02
7.7930E-02
7.6510E-02
7.6250E-02
7.5370E-02
7.4340E-02
7.4090E-02
7.3280E-02
7.3100E-02
7.2630E-02
7.1390E-02
7.1380E-02
7.1190E-02
6.9300E-02
6.9640E-02
6.9400E-02
6.8900E-02
6.8150E-02
6.7630E-02
6.5560E-02
6.6220E-02
6.5720E-02
6.5220E-02
6.5100E-02
6.4340E-02
6.2600E-02
6.3070E-02
6.3010E-02
6.2390E-02
6.1410E-02
6.1810E-02
5.9130E-02
6.0360E-02
6.0070E-02
5.9740E-02
5.9440E-02
5.9150E-02
5.6980E-02
5.7820E-02
5.7330E-02
5.7190E-02
5.6470E-02
5.6270E-02
5.5560E-02
5.4590E-02
5.4160E-02
5.4510E-02
5.4300E-02
5.3400E-02
5.3370E-02
5.2100E-02
5.1770E-02
5.2220E-02
4.8890E-02
5.1380E-02
5.0820E-02
4.9600E-02
4.8760E-02
4.8140E-02
4.7650E-02
4.7700E-02
4.7120E-02
4.6770E-02
4.6610E-02
4.6260E-02
4.5930E-02
4.5400E-02
4.5160E-02
4.4850E-02
4.4480E-02
4.4100E-02
4.3270E-02
4.3410E-02
4.3040E-02
4.2910E-02
4.2800E-02
4.2500E-02
4.2280E-02
4.1900E-02
4.0580E-02
4.1160E-02
4.0960E-02
4.0220E-02
4.0180E-02
3.9960E-02
3.9590E-02
3.9480E-02
3.8950E-02
3.9100E-02
3.8610E-02
3.8430E-02
3.8160E-02
3.7790E-02
3.7460E-02
3.7120E-02
3.6930E-02
3.6680E-02
3.6560E-02
3.6380E-02
3.6130E-02
3.6010E-02
3.5740E-02
3.5530E-02
3.5380E-02
3.5180E-02
3.4860E-02
3.4550E-02
3.4400E-02
3.4260E-02
3.3930E-02
3.3640E-02
3.3420E-02
3.3200E-02
3.2930E-02
3.2760E-02
3.2530E-02
3.2420E-02
3.2260E-02
3.2060E-02
3.1840E-02
3.1700E-02
3.1450E-02
3.1180E-02
3.0950E-02
3.0680E-02
3.0430E-02
3.0160E-02
2.9960E-02
2.9600E-02
2.9400E-02
2.9400E-02
2.9220E-02
2.9070E-02
2.8960E-02
2.8810E-02
2.8670E-02
2.8500E-02
2.8220E-02
2.8040E-02
2.7780E-02
2.7570E-02
2.7330E-02
2.7140E-02
2.6840E-02
2.6680E-02
2.6560E-02
2.6380E-02
2.6260E-02
2.6120E-02
2.6010E-02
2.5800E-02
2.5690E-02
2.5540E-02
2.5400E-02
2.5250E-02
2.5120E-02
2.4980E-02
2.4860E-02
2.4660E-02
2.4540E-02
2.4420E-02
2.4210E-02
2.3930E-02
2.4020E-02
2.3950E-02
2.3860E-02
2.3760E-02
2.3540E-02
2.3440E-02
2.3350E-02
2.3150E-02
2.2950E-02
2.2800E-02
2.2630E-02
2.2430E-02
2.2280E-02
2.2110E-02
2.1770E-02
2.1740E-02
2.1580E-02
2.1450E-02
2.1360E-02
2.1180E-02
2.1070E-02
2.0880E-02
2.0830E-02
2.0730E-02
2.0660E-02
2.0520E-02
2.0470E-02
2.0320E-02
2.0240E-02
2.0190E-02
2.0080E-02
1.9940E-02
1.9860E-02
1.9760E-02
1.9620E-02
1.9540E-02
1.9420E-02
1.9380E-02
1.9260E-02
1.9210E-02
1.9100E-02
1.9090E-02
1.8900E-02
1.8800E-02
1.8700E-02
1.8600E-02
1.8480E-02
1.8370E-02
1.8320E-02
1.8260E-02
1.8030E-02
1.7920E-02
1.7860E-02
1.7700E-02
1.7600E-02
1.7300E-02
1.7280E-02
1.7130E-02
1.7030E-02
1.6850E-02
1.6780E-02
1.6600E-02
1.6500E-02
1.6360E-02
1.6290E-02
1.6180E-02
1.6110E-02
1.6010E-02
1.5980E-02
1.5900E-02
1.5800E-02
1.5640E-02
1.5650E-02
1.5540E-02
1.5470E-02
1.5430E-02
1.5320E-02
1.5220E-02
1.5150E-02
1.5050E-02
1.5020E-02
1.4920E-02
1.4880E-02
1.4800E-02
1.4760E-02
1.4660E-02
1.4560E-02
1.4480E-02
1.4450E-02
1.4360E-02
1.4320E-02
1.4230E-02
1.4150E-02
1.4050E-02
1.4020E-02
1.3930E-02
1.3890E-02
1.3800E-02
1.3760E-02
1.3670E-02
1.3660E-02
1.3570E-02
1.3450E-02
1.3360E-02
1.3360E-02
1.3250E-02
1.3180E-02
1.3080E-02
1.3050E-02
1.2980E-02
1.2940E-02
1.2850E-02
1.2830E-02
1.2740E-02
1.2720E-02
1.2640E-02
1.2610E-02
1.2510E-02
1.2490E-02
1.2400E-02
1.2360E-02
1.2280E-02
1.2220E-02
1.2150E-02
1.2150E-02
1.2040E-02
1.2030E-02
1.1890E-02
1.1830E-02
1.1770E-02
1.1720E-02
1.1550E-02
1.1600E-02
1.1510E-02
1.1500E-02
1.1440E-02
1.1430E-02
1.1340E-02
1.1280E-02
1.1080E-02
1.1080E-02
1.1040E-02
1.1000E-02
1.0940E-02
1.0930E-02
1.0860E-02
1.0800E-02
1.0740E-02
1.0730E-02
1.0630E-02
1.0620E-02
1.0530E-02
1.0530E-02
1.0430E-02
1.0410E-02
1.0340E-02
1.0330E-02
1.0250E-02
1.0210E-02
1.0150E-02
1.0130E-02
1.0050E-02
1.0030E-02
9.9400E-03
9.9100E-03
9.8300E-03
9.8300E-03
9.7500E-03
9.7000E-03
9.7100E-03
9.6200E-03
9.6000E-03
9.5900E-03
9.5200E-03
9.5000E-03
9.4100E-03
9.4000E-03
9.3200E-03
9.3000E-03
9.2300E-03
9.2000E-03
9.1100E-03
9.0800E-03
9.0200E-03
9.0100E-03
8.9300E-03
8.9100E-03
8.8400E-03
8.8000E-03
8.7800E-03
8.7000E-03
8.6800E-03

